6
320
6 1.01
6.5 1.02
7 2.04
7.5 2.05
8 1.01
8.5 1.05

6
320
6.000 1
6.200 1
7.000 2
7.200 2
8.000 1
8.200 1

6
320
6 1
7 1
8 2
9 2
10 1
11 1

10
300
5.975 12666552
5.999 22691648
6.007 13036251
6.023 12049705
6.032 38211900
6.056 12435309
6.064 10757949
6.080 10757949
6.088 17083812
6.113 8262654

9
320
4.4375 1.01
4.4500 1.04
4.4625 2.01
4.4750 2.99
4.4875 2.14
4.5000 3.30
4.5125 2.02
4.5250 0.99
4.5375 1.05

14
320
4.398 1
4.414 1
4.418 3
4.426 1
4.434 3
4.440 4
4.446 3
4.454 3
4.460 4
4.466 3
4.474 1
4.482 3
4.486 1
4.502 1

